10486
18635
29490
32248
19972
179478
137732
100388
74410
32696
256722
200285
143390
124870
82091
45877
83870
21514
20813
5877
8195
8571
6923
7532
6442
14981
13326
9212
12064
7329
7552
11120
6349
8501
8733
8436
8153
15342
12502
11308
9759
5853
7602
7633
5924
20771
7466
6193
10254
47898
16636
12292
7160
4969
5025
7079
10119
6870
7295
5854
6628
13247
12011
7467
4960
5190
5518
233657
219664
222686
194825
136219
71954
8698
444470
404061
359817
315527
272726
240184
196818
157691
115084
100057
66271
23857
112902
50972
214838
174741
154521
111955
105842
80938
45674
37692
357000
291064
236659
172824
115285
53571
96213
51178
8522
117592
52132
46422
121804
72174
6164
180898
137804
97845
77137
34481
32526
96276
56541
12799
222060
199315
136481
76901
32667
272086
265477
279736
283732
275532
291681
306559
316483
300781
289740
248284
204328
160835
122626
77300
49633
65717
48167
718096
697270
643073
578368
516183
449801
458696
435949
394890
337251
272439
209198
142999
82079
24993
126416
59974
513919
467368
441316
398676
351876
310230
264118
217556
174707
128150
81642
34661
52899
34527
194099
175641
139199
111468
105460
68233
407861
369089
329989
297258
230707
165120
98729
46434
41752
846544
799826
753261
735528
695320
648856
602356
559272
512609
480115
436490
391874
345379
298634
300462
260637
222646
198463
152184
107195
60234
13948
108739
61897
14486
402354
335098
271730
216385
162346
151048
88178
36520
162990
118961
77861
34831
99856
55959
13692
138377
73863
10048
6459
4896
4166
5227
8949
5997
9553
10734
8490
12254
5967
4653
3541
3766
3786
3714
3615
9008
23722
16939
10238
17922
3647
5219
5239
4530
5719
4009
4875
3864
4053
4184
8390
15388
79106
36169
74032
9275
12498
5429
4064
4044
3729
3582
5395
10694
3471
4540
3789
3723
3501
3304
7435
3476
3554
3519
3433
6604
4025
3585
3301
3544
5232
5202
5109
5845
10498
5905
5610
11625
14116
15027
23795
21556
25843
64485
19586
68584
21623
11473
9404
15842
3296
3292
3258
4130
3643
3633
3363
3659
4241
3375
3421
7536
3357
3465
3407
3526
5354
5061
5457
3702
3384
3414
3485
6809
3801
3719
3633
3682
3182
3229
3520
3425
6740
18794
27782
31804
3288
4754
3594
4242
4812
3298
3683
3028
3408
3171
6994
7830
3934
3644
3424
3500
3487
3417
3989
3368
3327
3570
3886
7519
3564
3406
3365
4566
3473
4649
6822
3287
3630
5354
53994
9609
87623
25345
8556
8048
5728
7089
7125
5732
8009
5720
5501
11229
5399
5449
5382
28245
23825
7104
5554
3889
3248
3279
3385
6365
3363
3693
3099
3305
3035
3768
3051
3257
3199
3706
3192
6905
10537
4634
3896
4618
3230
3336
3342
3230
3323
3252
3226
6696
3715
3144
3245
3331
4434
4494
3117
3192
6194
3489
3913
9127
5874
5876
3318
3720
3176
2992
3120
3416
3310
3677
3196
6316
9000
12906
14882
4585
3613
3263
3308
3060
3283
2974
3505
6792
3417
3204
3448
3575
3161
3147
3313
3305
3457
3294
3125
6274
3210
3244
3865
3460
3000
3463
3083
3274
5309
5091
5100
10329
20151
26159
25460
23279
80991
36079
67254
32401
10109
4826
5458
12664
5578
6417
6201
5673
5635
5487
5702
5407
5686
5160
5344
10457
6280
4943
3136
3108
3156
3168
4165
3251
3299
4640
3136
6013
2979
2976
3274
3941
3180
3238
2890
5511
15795
10554
3107
5950
2879
2867
3310
5533
5837
5365
5626
5052
3105
3341
3289
6411
2958
5780
5143
4883
4850
5549
5773
5473
5474
5472
5403
10258
4887
3080
3103
3933
2973
3080
3053
3182
6749
19827
4288
8858
4372
3238
3698
5482
3390
2960
3052
3174
3350
3084
4765
9479
3536
3344
2893
3002
3280
3059
3717
2946
3106
2889
3015
5808
3218
4116
2991
3711
2970
3372
2950
3121
3305
5311
4477
15278
3382
3680
3464
3341
3181
2881
3448
3258
3474
2947
2958
5738
3051
3695
3440
3052
3358
3344
3326
3324
3373
3271
3145
5739
3340
2942
3954
3331
3136
3109
2974
2912
3381
4665
4982
9583
4976
3550
3659
3233
2922
3024
3743
2909
3353
3000
3666
8390
4740
4794
4672
5546
8132
4528
6852
4578
3412
3624
4430
8104
2922
3733
3023
3386
3381
3343
3603
2943
3275
4551
7548
39440
18939
9572
8528
9060
6166
4511
5494
5373
6026
5287
4798
9303
4792
5636
5331
5272
5481
2924
3114
2827
2752
3266
3754
5976
2884
2801
2920
3193
3145
2808
3211
3298
2915
3009
2857
5776
5067
20289
5049
2830
2998
2948
3414
2847
2804
2827
4462
5778
2889
2869
2879
2929
3016
2833
3017
2764
2864
2724
3071
5709
2754
3386
2813
2977
2785
3176
3445
3013
2925
2687
2886
5983
3520
5026
8796
7172
3607
2939
3718
2893
2773
2672
3102
5939
2762
3128
2783
2881
2691
3207
2863
2720
2685
2741
2821
6471
3284
2780
2829
2897
3068
2856
3083
3875
4956
2829
4496
9117
4057
3292
18148
4651
3874
2842
3618
2944
2861
2855
2966
5602
3085
2773
2718
3046
2804
4276
4038
3490
3459
2790
2886
5413
2892
3402
2857
2975
3020
2825
3144
2863
3542
3605
3241
7223
3724
3072
27896
5467
4591
3522
3638
2774
3011
2691
4971
5597
2904
2991
2732
3433
3263
3134
2861
3143
3605
2845
2798
6431
3338
2933
2741
3025
3133
3110
2840
2725
2902
2701
3949
6907
3270
3730
6393
10688
9511
3716
5017
3111
2985
3560
3425
6276
3138
3222
2942
3038
2856
2684
3504
3332
3555
3045
3010
5571
2741
2936
3025
3089
2908
2710
2779
2774
4507
3164
2803
5172
3253
2705
2655
19308
35316
8102
5380
3236
3103
2857
4567
5806
2769
3107
2924
2770
2765
3254
2845
3271
3605
2780
2909
5405
3722
3350
3407
3309
2693
3242
3290
2868
2766
2791
4376
9226
5384
4741
4966
6975
4103
6577
4965
4959
4547
2814
4473
5670
2727
2765
2671
3229
2847
3349
3206
2876
3652
2775
5307
6081
4307
3184
3205
3282
2594
2732
2887
2766
2873
3548
3160
7552
3790
2925
2806
4316
7567
6695
5343
3248
5775
6997
3013
6673
4831
2993
4370
3199
3317
5619
4093
4331
4866
3378
3506
7690
2729
3391
